0 79
0 80
1 80
1 79
0 80
0 81
1 81
1 80
1 78
1 79
2 79
2 78
1 79
1 80
2 80
2 79
2 77
2 78
3 78
3 77
2 78
2 79
3 79
3 78
3 76
3 77
4 77
4 76
3 77
3 78
4 78
4 77
4 75
4 76
5 76
5 75
4 76
4 77
5 77
5 76
5 74
5 75
6 75
6 74
5 75
5 76
6 76
6 75
6 73
6 74
7 74
7 73
6 74
6 75
7 75
7 74
7 72
7 73
8 73
8 72
7 73
7 74
8 74
8 73
8 71
8 72
9 72
9 71
8 72
8 73
9 73
9 72
9 69
9 70
10 70
10 69
9 70
9 71
10 71
10 70
9 71
9 72
10 72
10 71
10 68
10 69
11 69
11 68
10 69
10 70
11 70
11 69
11 67
11 68
12 68
12 67
11 68
11 69
12 69
12 68
12 66
12 67
13 67
13 66
12 67
12 68
13 68
13 67
13 65
13 66
14 66
14 65
13 66
13 67
14 67
14 66
14 64
14 65
15 65
15 64
14 65
14 66
15 66
15 65
15 63
15 64
16 64
16 63
15 64
15 65
16 65
16 64
16 62
16 63
17 63
17 62
16 63
16 64
17 64
17 63
17 61
17 62
18 62
18 61
17 62
17 63
18 63
18 62
18 60
18 61
19 61
19 60
18 61
18 62
19 62
19 61
19 59
19 60
20 60
20 59
19 60
19 61
20 61
20 60
20 58
20 59
21 59
21 58
20 59
20 60
21 60
21 59
21 57
21 58
22 58
22 57
21 58
21 59
22 59
22 58
22 56
22 57
23 57
23 56
22 57
22 58
23 58
23 57
23 55
23 56
24 56
24 55
23 56
23 57
24 57
24 56
24 54
24 55
25 55
25 54
24 55
24 56
25 56
25 55
25 53
25 54
26 54
26 53
25 54
25 55
26 55
26 54
26 52
26 53
27 53
27 52
26 53
26 54
27 54
27 53
27 51
27 52
28 52
28 51
27 52
27 53
28 53
28 52
28 50
28 51
29 51
29 50
28 51
28 52
29 52
29 51
29 50
29 51
30 51
30 50
30 49
30 50
31 50
31 49
30 50
30 51
31 51
31 50
31 48
31 49
32 49
32 48
31 49
31 50
32 50
32 49
32 47
32 48
33 48
33 47
32 48
32 49
33 49
33 48
33 47
33 48
34 48
34 47
34 46
34 47
35 47
35 46
34 47
34 48
35 48
35 47
35 45
35 46
36 46
36 45
35 46
35 47
36 47
36 46
36 45
36 46
37 46
37 45
37 44
37 45
38 45
38 44
37 45
37 46
38 46
38 45
38 44
38 45
39 45
39 44
39 43
39 44
40 44
40 43
39 44
39 45
40 45
40 44
40 43
40 44
41 44
41 43
41 42
41 43
42 43
42 42
41 43
41 44
42 44
42 43
42 42
42 43
43 43
43 42
43 41
43 42
44 42
44 41
43 42
43 43
44 43
44 42
44 41
44 42
45 42
45 41
45 41
45 42
46 42
46 41
46 41
46 42
47 42
47 41
47 40
47 41
48 41
48 40
47 41
47 42
48 42
48 41
48 40
48 41
49 41
49 40
49 40
49 41
50 41
50 40
50 40
50 41
51 41
51 40
51 40
51 41
52 41
52 40
52 40
52 41
53 41
53 40
53 40
53 41
54 41
54 40
54 39
54 40
55 40
55 39
54 40
54 41
55 41
55 40
55 39
55 40
56 40
56 39
56 39
56 40
57 40
57 39
57 39
57 40
58 40
58 39
58 39
58 40
59 40
59 39
59 39
59 40
60 40
60 39
60 39
60 40
61 40
61 39
60 40
60 41
61 41
61 40
61 40
61 41
62 41
62 40
62 40
62 41
63 41
63 40
63 40
63 41
64 41
64 40
64 40
64 41
65 41
65 40
65 40
65 41
66 41
66 40
66 40
66 41
67 41
67 40
67 40
67 41
68 41
68 40
67 41
67 42
68 42
68 41
68 41
68 42
69 42
69 41
69 41
69 42
70 42
70 41
70 41
70 42
71 42
71 41
71 41
71 42
72 42
72 41
71 42
71 43
72 43
72 42
72 42
72 43
73 43
73 42
73 42
73 43
74 43
74 42
74 42
74 43
75 43
75 42
75 42
75 43
76 43
76 42
75 43
75 44
76 44
76 43
76 43
76 44
77 44
77 43
77 43
77 44
78 44
78 43
77 44
77 45
78 45
78 44
78 44
78 45
79 45
79 44
79 44
79 45
80 45
80 44
80 44
80 45
81 45
81 44
80 45
80 46
81 46
81 45
81 45
81 46
82 46
82 45
82 45
82 46
83 46
83 45
82 46
82 47
83 47
83 46
83 46
83 47
84 47
84 46
84 46
84 47
85 47
85 46
84 47
84 48
85 48
85 47
85 47
85 48
86 48
86 47
86 47
86 48
87 48
87 47
86 48
86 49
87 49
87 48
87 48
87 49
88 49
88 48
88 48
88 49
89 49
89 48
88 49
88 50
89 50
89 49
89 49
89 50
90 50
90 49
89 50
89 51
90 51
90 50
90 50
90 51
91 51
91 50
91 50
91 51
92 51
92 50
91 51
91 52
92 52
92 51
92 51
92 52
93 52
93 51
93 51
93 52
94 52
94 51
93 52
93 53
94 53
94 52
94 52
94 53
95 53
95 52
94 53
94 54
95 54
95 53
95 53
95 54
96 54
96 53
95 54
95 55
96 55
96 54
96 54
96 55
97 55
97 54
97 54
97 55
98 55
98 54
97 55
97 56
98 56
98 55
98 55
98 56
99 56
99 55
98 56
98 57
99 57
99 56
99 56
99 57
100 57
100 56
100 56
100 57
101 57
101 56
100 57
100 58
101 58
101 57
101 57
101 58
102 58
102 57
101 58
101 59
102 59
102 58
102 58
102 59
103 59
103 58
102 59
102 60
103 60
103 59
103 59
103 60
104 60
104 59
103 60
103 61
104 61
104 60
104 60
104 61
105 61
105 60
105 60
105 61
106 61
106 60
105 61
105 62
106 62
106 61
106 61
106 62
107 62
107 61
106 62
106 63
107 63
107 62
107 62
107 63
108 63
108 62
107 63
107 64
108 64
108 63
108 63
108 64
109 64
109 63
109 63
109 64
110 64
110 63
109 64
109 65
110 65
110 64
110 64
110 65
111 65
111 64
110 65
110 66
111 66
111 65
111 65
111 66
112 66
112 65
112 65
112 66
113 66
113 65
112 66
112 67
113 67
113 66
113 66
113 67
114 67
114 66
114 66
114 67
115 67
115 66
114 67
114 68
115 68
115 67
115 67
115 68
116 68
116 67
115 68
115 69
116 69
116 68
116 68
116 69
117 69
117 68
117 68
117 69
118 69
118 68
117 69
117 70
118 70
118 69
118 69
118 70
119 70
119 69
119 69
119 70
120 70
120 69
120 69
120 70
121 70
121 69
120 70
120 71
121 71
121 70
121 70
121 71
122 71
122 70
122 70
122 71
123 71
123 70
122 71
122 72
123 72
123 71
123 71
123 72
124 72
124 71
124 71
124 72
125 72
125 71
125 71
125 72
126 72
126 71
126 71
126 72
127 72
127 71
126 72
126 73
127 73
127 72
127 72
127 73
128 73
128 72
128 72
128 73
129 73
129 72
129 72
129 73
130 73
130 72
130 72
130 73
131 73
131 72
131 72
131 73
132 73
132 72
132 72
132 73
133 73
133 72
133 72
133 73
134 73
134 72
134 72
134 73
135 73
135 72
135 72
135 73
136 73
136 72
136 72
136 73
137 73
137 72
137 72
137 73
138 73
138 72
138 72
138 73
139 73
139 72
139 72
139 73
140 73
140 72
140 72
140 73
141 73
141 72
141 71
141 72
142 72
142 71
141 72
141 73
142 73
142 72
142 71
142 72
143 72
143 71
143 71
143 72
144 72
144 71
144 71
144 72
145 72
145 71
145 71
145 72
146 72
146 71
146 70
146 71
147 71
147 70
146 71
146 72
147 72
147 71
147 70
147 71
148 71
148 70
148 70
148 71
149 71
149 70
149 69
149 70
150 70
150 69
149 70
149 71
150 71
150 70
150 69
150 70
151 70
151 69
151 69
151 70
152 70
152 69
152 68
152 69
153 69
153 68
152 69
152 70
153 70
153 69
153 68
153 69
154 69
154 68
154 68
154 69
155 69
155 68
155 67
155 68
156 68
156 67
155 68
155 69
156 69
156 68
156 67
156 68
157 68
157 67
157 66
157 67
158 67
158 66
157 67
157 68
158 68
158 67
158 66
158 67
159 67
159 66
159 66
159 67
160 67
160 66
160 65
160 66
161 66
161 65
160 66
160 67
161 67
161 66
161 65
161 66
162 66
162 65
162 64
162 65
163 65
163 64
162 65
162 66
163 66
163 65
163 64
163 65
164 65
164 64
164 63
164 64
165 64
165 63
164 64
164 65
165 65
165 64
165 62
165 63
166 63
166 62
165 63
165 64
166 64
166 63
166 62
166 63
167 63
167 62
167 61
167 62
168 62
168 61
167 62
167 63
168 63
168 62
168 61
168 62
169 62
169 61
169 60
169 61
170 61
170 60
169 61
169 62
170 62
170 61
170 60
170 61
171 61
171 60
171 59
171 60
172 60
172 59
171 60
171 61
172 61
172 60
172 58
172 59
173 59
173 58
172 59
172 60
173 60
173 59
173 58
173 59
174 59
174 58
174 57
174 58
175 58
175 57
174 58
174 59
175 59
175 58
175 56
175 57
176 57
176 56
175 57
175 58
176 58
176 57
176 56
176 57
177 57
177 56
177 55
177 56
178 56
178 55
177 56
177 57
178 57
178 56
178 55
178 56
179 56
179 55
179 54
179 55
180 55
180 54
179 55
179 56
180 56
180 55
180 53
180 54
181 54
181 53
180 54
180 55
181 55
181 54
181 53
181 54
182 54
182 53
182 52
182 53
183 53
183 52
182 53
182 54
183 54
183 53
183 51
183 52
184 52
184 51
183 52
183 53
184 53
184 52
184 50
184 51
185 51
185 50
184 51
184 52
185 52
185 51
185 50
185 51
186 51
186 50
186 49
186 50
187 50
187 49
186 50
186 51
187 51
187 50
187 48
187 49
188 49
188 48
187 49
187 50
188 50
188 49
188 48
188 49
189 49
189 48
189 47
189 48
190 48
190 47
189 48
189 49
190 49
190 48
190 46
190 47
191 47
191 46
190 47
190 48
191 48
191 47
191 45
191 46
192 46
192 45
191 46
191 47
192 47
192 46
192 45
192 46
193 46
193 45
193 44
193 45
194 45
194 44
193 45
193 46
194 46
194 45
194 43
194 44
195 44
195 43
194 44
194 45
195 45
195 44
195 42
195 43
196 43
196 42
195 43
195 44
196 44
196 43
196 42
196 43
197 43
197 42
197 41
197 42
198 42
198 41
197 42
197 43
198 43
198 42
198 40
198 41
199 41
199 40
198 41
198 42
199 42
199 41
199 39
199 40
200 40
200 39
199 40
199 41
200 41
200 40
